Time	wtime	gpufbmem	gpumempct	gpusmpct	ngpus	pss	rss	swap	vmem	rchar	read_bytes	wchar	write_bytes	rx_bytes	rx_packets	tx_bytes	tx_packets	stime	utime	nprocs	nthreads
1772485679	0	0	0	0	0	497821	500316	0	1471208	6593	0	90	0	110	1	176	2	0	0	1	1
1772485681	2	0	0	0	0	1173049	1175668	0	1471208	6593	0	90	0	4314	23	3978	19	0	0	1	1
1772485683	4	0	0	0	0	1173051	1175668	0	1471208	6593	0	90	0	5895	44	5225	37	0	0	1	1
1772485685	6	0	0	0	0	1173051	1175668	0	1471208	6593	0	90	0	7552	66	6479	54	0	0	1	1
1772485687	8	0	0	0	0	1173051	1175668	0	1471208	6593	0	90	0	8152	76	6959	62	0	0	1	1
1772485689	10	0	0	0	0	1173051	1175668	0	1471208	6593	0	90	0	8752	86	7439	70	0	0	1	1
1772485691	12	0	0	0	0	1173051	1175668	0	1471208	6593	0	90	0	9134	92	7781	74	0	0	1	1
1772485693	14	0	0	0	0	1173051	1175668	0	1471208	6593	0	90	0	9254	94	7781	74	0	0	1	1
1772485695	16	0	0	0	0	1173051	1175668	0	1471208	6593	0	90	0	10860	117	9069	92	0	0	1	1
1772485697	18	0	0	0	0	1173051	1175668	0	1471208	6593	0	90	0	11578	128	9695	101	0	0	1	1
1772485699	20	0	0	0	0	1173051	1175668	0	1471208	6593	0	90	0	12178	138	10175	109	0	0	1	1
1772485701	22	0	0	0	0	1173051	1175668	0	1471208	6593	0	90	0	12838	147	10559	113	0	0	1	1
1772485703	24	0	0	0	0	1173051	1175668	0	1471208	6593	0	90	0	13346	151	10559	113	0	0	1	1
1772485705	26	0	0	0	0	1173051	1175668	0	1471208	6593	0	90	0	14720	170	11681	128	0	0	1	1
1772485707	28	0	0	0	0	1173051	1175668	0	1471208	6593	0	90	0	15253	176	12037	132	0	0	1	1
1772485709	30	0	0	0	0	1173051	1175668	0	1471208	6593	0	90	0	15540	180	12352	136	0	0	1	1
1772485711	32	0	0	0	0	1173051	1175668	0	1471208	6593	0	90	0	16140	190	12832	144	0	0	1	1
1772485713	34	0	0	0	0	1173051	1175668	0	1471208	6593	0	90	0	16260	192	12832	144	0	0	1	1
1772485715	36	0	0	0	0	1173051	1175668	0	1471208	6593	0	90	0	17166	203	13632	152	0	0	1	1
1772485717	38	0	0	0	0	1173051	1175668	0	1471208	6593	0	90	0	17898	215	14244	162	0	0	1	1
1772485719	40	0	0	0	0	1173051	1175668	0	1471208	6593	0	90	0	18498	225	14724	170	0	0	1	1
1772485721	42	0	0	0	0	1173051	1175668	0	1471208	6593	0	90	0	18872	231	15030	174	0	0	1	1
1772485723	44	0	0	0	0	1173051	1175668	0	1471208	6593	0	90	0	19873	238	15201	176	0	0	1	1
1772485725	46	0	0	0	0	1173051	1175668	0	1471208	6593	0	90	0	21181	256	16257	190	0	0	1	1
1772485727	48	0	0	0	0	1173051	1175668	0	1471208	6593	0	90	0	23455	277	18379	214	0	0	1	1
1772485729	50	0	0	0	0	1173051	1175668	0	1471208	6593	0	90	0	29055	292	21779	230	0	0	1	1
1772485731	52	0	0	0	0	1173057	1175668	0	1471208	6593	0	90	0	36120	356	28638	303	0	0	1	1
1772485733	54	0	0	0	0	1173052	1175668	0	1471208	6593	0	90	0	54469	408	40825	374	0	0	1	1
1772485735	56	0	0	0	0	1173052	1175668	0	1471208	6593	0	90	0	67164	456	45244	406	0	0	1	1
1772485737	58	0	0	0	0	1173052	1175668	0	1471208	6593	0	90	0	68067	470	46227	420	0	0	1	1
1772485739	60	0	0	0	0	1173062	1175668	0	1471208	6593	0	90	0	69139	487	47061	434	0	0	1	1
1772485741	62	0	0	0	0	1173062	1175668	0	1471208	6593	0	90	0	69739	497	47750	444	0	0	1	1
1772485743	64	0	0	0	0	1173062	1175668	0	1471208	6593	0	90	0	71366	512	48541	454	0	0	1	1
1772485745	66	0	0	0	0	1173062	1175668	0	1471208	6593	0	90	0	72320	524	49273	462	0	0	1	1
1772485747	68	0	0	0	0	1173062	1175668	0	1471208	6593	0	90	0	73277	538	50053	474	0	0	1	1
1772485749	70	0	0	0	0	1173062	1175668	0	1471208	6593	0	90	0	106685	601	69420	524	0	0	1	1
1772485751	72	0	0	0	0	1173058	1175668	0	1471208	6593	0	90	0	119422	621	69972	531	0	0	1	1
1772485753	74	0	0	0	0	1173058	1175668	0	1471208	6593	0	90	0	120022	631	70452	539	0	0	1	1
1772485755	76	0	0	0	0	1173058	1175668	0	1471208	6593	0	90	0	121430	651	71608	555	0	0	1	1
1772485757	78	0	0	0	0	1173058	1175668	0	1471208	6593	0	90	0	123350	670	73751	580	0	0	1	1
1772485759	80	0	0	0	0	1173058	1175668	0	1471208	6593	0	90	0	136872	707	97001	618	0	0	1	1
1772485761	82	0	0	0	0	1173055	1175668	0	1471208	6593	0	90	0	142883	750	102060	655	0	0	1	1
1772485763	84	0	0	0	0	1173055	1175668	0	1471208	6593	0	90	0	147956	792	121806	691	0	0	1	1
1772485765	86	0	0	0	0	1173055	1175668	0	1471208	6593	0	90	0	150414	809	124226	703	0	0	1	1
1772485767	88	0	0	0	0	1173058	1175668	0	1471208	6593	0	90	0	151136	818	124828	710	0	0	1	1
1772485769	90	0	0	0	0	1173058	1175668	0	1471208	6593	0	90	0	154151	851	127876	738	0	0	1	1
1772485771	92	0	0	0	0	1173058	1175668	0	1471208	6593	0	90	0	154271	853	127876	738	0	0	1	1
1772485773	94	0	0	0	0	1173058	1175668	0	1471208	6593	0	90	0	154523	857	128008	740	0	0	1	1
1772485775	96	0	0	0	0	1173058	1175668	0	1471208	6593	0	90	0	155905	876	129138	755	0	0	1	1
1772485777	98	0	0	0	0	1173058	1175668	0	1471208	6593	0	90	0	156967	893	130186	770	0	0	1	1
1772485779	100	0	0	0	0	1173058	1175668	0	1471208	6593	0	90	0	157821	907	130972	782	0	0	1	1
1772485781	102	0	0	0	0	1173058	1175668	0	1471208	6593	0	90	0	158553	919	131518	791	0	0	1	1
1772485783	104	0	0	0	0	1173058	1175668	0	1471208	6593	0	90	0	161791	942	131518	791	0	0	1	1
1772485785	106	0	0	0	0	1173058	1175668	0	1471208	6593	0	90	0	166957	971	132196	798	0	0	1	1
1772485787	108	0	0	0	0	1173058	1175668	0	1471208	6593	0	90	0	174434	1029	138441	870	0	0	1	1
1772485789	110	0	0	0	0	1173058	1175668	0	1471208	6593	0	90	0	196338	1093	150007	938	0	0	1	1
1772485791	112	0	0	0	0	1173058	1175668	0	1471208	6593	0	90	0	210541	1185	162322	1047	0	0	1	1
1772485793	114	0	0	0	0	1173058	1175668	0	1471208	6593	0	90	0	242429	1276	179332	1146	0	0	1	1
1772485795	116	0	0	0	0	1173055	1175668	0	1471208	6593	0	90	0	251612	1325	183744	1178	0	0	1	1
1772485797	118	0	0	0	0	1173055	1175668	0	1471208	6593	0	90	0	257840	1362	184166	1183	0	0	1	1
1772485799	120	0	0	0	0	1173055	1175668	0	1471208	6593	0	90	0	263184	1393	185138	1198	0	0	1	1
1772485801	122	0	0	0	0	1173055	1175668	0	1471208	6593	0	90	0	272512	1433	186546	1214	0	0	1	1
1772485803	124	0	0	0	0	1173055	1175668	0	1471208	6593	0	90	0	276195	1460	187973	1234	0	0	1	1
1772485805	126	0	0	0	0	1173055	1175668	0	1471208	6593	0	90	0	297533	1534	188919	1243	0	0	1	1
1772485807	128	0	0	0	0	1173055	1175668	0	1471208	6593	0	90	0	301425	1559	192543	1255	0	0	1	1
1772485809	130	0	0	0	0	1173055	1175668	0	1471208	6593	0	90	0	314580	1621	199634	1305	0	0	1	1
1772485811	132	0	0	0	0	1173055	1175668	0	1471208	6593	0	90	0	320826	1657	200484	1316	0	0	1	1
1772485813	134	0	0	0	0	1173055	1175668	0	1471208	6593	0	90	0	325294	1675	200484	1316	0	0	1	1
1772485815	136	0	0	0	0	1173055	1175668	0	1471208	6593	0	90	0	326290	1688	201126	1323	0	0	1	1
1772485817	138	0	0	0	0	1173055	1175668	0	1471208	6593	0	90	0	328818	1704	201706	1333	0	0	1	1
1772485819	140	0	0	0	0	1173055	1175668	0	1471208	6593	0	90	0	329550	1716	202318	1343	0	0	1	1
1772485821	142	0	0	0	0	1173055	1175668	0	1471208	6593	0	90	0	330499	1728	203374	1354	0	0	1	1
1772485823	144	0	0	0	0	1173055	1175668	0	1471208	6593	0	90	0	331000	1735	203546	1356	0	0	1	1
1772485825	146	0	0	0	0	1173055	1175668	0	1471208	6593	0	90	0	342516	1779	204684	1371	0	0	1	1
1772485827	148	0	0	0	0	1173055	1175668	0	1471208	6593	0	90	0	342698	1782	204746	1372	0	0	1	1
1772485829	150	0	0	0	0	1173055	1175668	0	1471208	6593	0	90	0	343949	1791	204944	1375	0	0	1	1
1772485831	152	0	0	0	0	1173055	1175668	0	1471208	6593	0	90	0	345001	1805	205424	1383	0	0	1	1
1772485833	154	0	0	0	0	1173055	1175668	0	1471208	6593	0	90	0	345573	1811	205424	1383	0	0	1	1
1772485835	156	0	0	0	0	1173055	1175668	0	1471208	6593	0	90	0	347018	1827	206000	1389	0	0	1	1
1772485837	158	0	0	0	0	1173055	1175668	0	1471208	6593	0	90	0	350315	1855	209832	1414	0	0	1	1
1772485839	160	0	0	0	0	1173055	1175668	0	1471208	6593	0	90	0	352069	1877	211944	1437	0	0	1	1
1772485841	162	0	0	0	0	1173055	1175668	0	1471208	6593	0	90	0	360440	1907	214876	1457	0	0	1	1
1772485843	164	0	0	0	0	1173055	1175668	0	1471208	6593	0	90	0	362116	1923	215873	1470	0	0	1	1
1772485845	166	0	0	0	0	1173055	1175668	0	1471208	6593	0	90	0	363158	1936	216719	1479	0	0	1	1
1772485847	168	0	0	0	0	1173055	1175668	0	1471208	6593	0	90	0	366620	1965	220368	1518	0	0	1	1
1772485849	170	0	0	0	0	1173055	1175668	0	1471208	6593	0	90	0	380565	2007	227483	1559	0	0	1	1
1772485851	172	0	0	0	0	1173055	1175668	0	1471208	6593	0	90	0	386834	2059	233738	1622	0	0	1	1
1772485853	174	0	0	0	0	1173055	1175668	0	1471208	6593	0	90	0	411580	2134	246766	1706	0	0	1	1
1772485855	176	0	0	0	0	1173051	1175668	0	1471208	6593	0	90	0	434045	2219	258756	1766	0	0	1	1
1772485857	178	0	0	0	0	1173050	1175668	0	1471208	6593	0	90	0	441565	2251	259006	1769	0	0	1	1
1772485859	180	0	0	0	0	1173055	1175668	0	1471208	6593	0	90	0	444567	2275	260024	1785	0	0	1	1
