Time	wtime	gpufbmem	gpumempct	gpusmpct	ngpus	pss	rss	swap	vmem	rchar	read_bytes	wchar	write_bytes	rx_bytes	rx_packets	tx_bytes	tx_packets	stime	utime	nprocs	nthreads
1772486080	0	0	0	0	0	511687	514240	0	1178240	6593	0	89	0	0	0	0	0	0	0	1	1
1772486082	2	0	0	0	0	938785	3755084	0	4712960	6593	0	89	0	3198	11	2748	4	0	0	4	4
1772486084	4	0	0	0	0	938785	3755084	0	4712960	6593	0	89	0	7116	38	6150	23	0	0	4	4
1772486086	6	0	0	0	0	938777	3755084	0	4712960	6593	0	89	0	15039	100	15046	97	0	0	4	4
1772486088	8	0	0	0	0	938776	3755084	0	4712960	6593	0	89	0	35638	182	29320	209	0	0	4	4
1772486090	10	0	0	0	0	938776	3755084	0	4712960	6593	0	89	0	55384	265	40496	300	0	0	4	4
1772486092	12	0	0	0	0	938776	3755084	0	4712960	6593	0	89	0	78110	362	57600	426	0	0	4	4
1772486094	14	0	0	0	0	938776	3755084	0	4712960	6593	0	89	0	112684	473	75152	529	0	0	4	4
1772486096	16	0	0	0	0	938776	3755084	0	4712960	6593	0	89	0	116449	502	77298	550	0	0	4	4
1772486098	18	0	0	0	0	938776	3755084	0	4712960	6593	0	89	0	117619	510	77682	555	0	0	4	4
1772486100	20	0	0	0	0	938776	3755084	0	4712960	6593	0	89	0	117805	513	77776	556	0	0	4	4
1772486102	22	0	0	0	0	938774	3755084	0	4712960	6593	0	89	0	123414	553	82790	595	0	0	4	4
1772486104	24	0	0	0	0	938774	3755084	0	4712960	6593	0	89	0	126505	584	94767	624	0	0	4	4
1772486106	26	0	0	0	0	938776	3755084	0	4712960	6593	0	89	0	126967	591	95307	630	0	0	4	4
1772486108	28	0	0	0	0	938776	3755084	0	4712960	6593	0	89	0	127309	596	95467	632	0	0	4	4
1772486110	30	0	0	0	0	938785	3755084	0	4712960	6593	0	89	0	128097	609	96187	643	0	0	4	4
1772486112	32	0	0	0	0	938785	3755084	0	4712960	6593	0	89	0	128283	612	96281	644	0	0	4	4
1772486114	34	0	0	0	0	938785	3755084	0	4712960	6593	0	89	0	139175	655	97094	653	0	0	4	4
1772486116	36	0	0	0	0	938785	3755084	0	4712960	6593	0	89	0	140313	675	97806	665	0	0	4	4
1772486118	38	0	0	0	0	938785	3755084	0	4712960	6593	0	89	0	141015	687	98286	673	0	0	4	4
1772486120	40	0	0	0	0	938785	3755084	0	4712960	6593	0	89	0	141615	697	98766	681	0	0	4	4
1772486122	42	0	0	0	0	938785	3755084	0	4712960	6593	0	89	0	142833	715	99854	695	0	0	4	4
1772486124	44	0	0	0	0	938785	3755084	0	4712960	6593	0	89	0	144374	736	101209	713	0	0	4	4
1772486126	46	0	0	0	0	938785	3755084	0	4712960	6593	0	89	0	145106	748	101821	723	0	0	4	4
1772486128	48	0	0	0	0	938785	3755084	0	4712960	6593	0	89	0	145706	758	102383	732	0	0	4	4
1772486130	50	0	0	0	0	938785	3755084	0	4712960	6593	0	89	0	145826	760	102383	732	0	0	4	4
1772486132	52	0	0	0	0	938785	3755084	0	4712960	6593	0	89	0	146012	763	102477	733	0	0	4	4
1772486134	54	0	0	0	0	938785	3755084	0	4712960	6593	0	89	0	147425	782	103704	749	0	0	4	4
1772486136	56	0	0	0	0	938785	3755084	0	4712960	6593	0	89	0	148308	795	104382	760	0	0	4	4
1772486138	58	0	0	0	0	938785	3755084	0	4712960	6593	0	89	0	148494	798	104448	761	0	0	4	4
1772486140	60	0	0	0	0	938785	3755084	0	4712960	6593	0	89	0	149346	807	105037	768	0	0	4	4
1772486142	62	0	0	0	0	938785	3755084	0	4712960	6593	0	89	0	150442	821	106001	782	0	0	4	4
1772486144	64	0	0	0	0	938785	3755084	0	4712960	6593	0	89	0	151441	833	106748	790	0	0	4	4
1772486146	66	0	0	0	0	938785	3755084	0	4712960	6593	0	89	0	152992	846	108222	804	0	0	4	4
1772486148	68	0	0	0	0	938785	3755084	0	4712960	6593	0	89	0	154475	867	110154	830	0	0	4	4
1772486150	70	0	0	0	0	938785	3755084	0	4712960	6593	0	89	0	161491	889	114071	850	0	0	4	4
1772486152	72	0	0	0	0	938785	3755084	0	4712960	6593	0	89	0	168629	961	122429	946	0	0	4	4
1772486154	74	0	0	0	0	938785	3755084	0	4712960	6593	0	89	0	199078	1060	139020	1042	0	0	4	4
1772486156	76	0	0	0	0	938785	3755084	0	4712960	6593	0	89	0	206581	1086	142588	1067	0	0	4	4
1772486158	78	0	0	0	0	938785	3755084	0	4712960	6593	0	89	0	207739	1094	142830	1071	0	0	4	4
1772486160	80	0	0	0	0	938785	3755084	0	4712960	6593	0	89	0	208339	1104	143439	1080	0	0	4	4
1772486162	82	0	0	0	0	938785	3755084	0	4712960	6593	0	89	0	208957	1114	143937	1088	0	0	4	4
1772486164	84	0	0	0	0	938785	3755084	0	4712960	6593	0	89	0	209890	1125	144684	1096	0	0	4	4
1772486166	86	0	0	0	0	938785	3755084	0	4712960	6593	0	89	0	210638	1137	145497	1107	0	0	4	4
1772486168	88	0	0	0	0	938785	3755084	0	4712960	6593	0	89	0	211518	1151	146313	1119	0	0	4	4
1772486170	90	0	0	0	0	938785	3755084	0	4712960	6593	0	89	0	211900	1157	146655	1123	0	0	4	4
1772486172	92	0	0	0	0	938785	3755084	0	4712960	6593	0	89	0	212160	1161	146851	1125	0	0	4	4
1772486174	94	0	0	0	0	938785	3755084	0	4712960	6593	0	89	0	213573	1180	148078	1141	0	0	4	4
1772486176	96	0	0	0	0	938785	3755084	0	4712960	6593	0	89	0	213844	1183	148144	1142	0	0	4	4
1772486178	98	0	0	0	0	938785	3755084	0	4712960	6593	0	89	0	214196	1189	148505	1147	0	0	4	4
1772486180	100	0	0	0	0	938785	3755084	0	4712960	6593	0	89	0	214796	1199	148985	1155	0	0	4	4
1772486182	102	0	0	0	0	938785	3755084	0	4712960	6593	0	89	0	216108	1218	149849	1167	0	0	4	4
1772486184	104	0	0	0	0	938777	3755084	0	4712960	6593	0	89	0	218452	1235	152721	1182	0	0	4	4
1772486186	106	0	0	0	0	938776	3755084	0	4712960	6593	0	89	0	219168	1243	153275	1189	0	0	4	4
1772486188	108	0	0	0	0	938776	3755084	0	4712960	6593	0	89	0	232920	1292	162083	1240	0	0	4	4
1772486190	110	0	0	0	0	938776	3755084	0	4712960	6593	0	89	0	233885	1302	162837	1247	0	0	4	4
1772486192	112	0	0	0	0	938776	3755084	0	4712960	6593	0	89	0	234243	1307	163351	1252	0	0	4	4
1772486194	114	0	0	0	0	938776	3755084	0	4712960	6593	0	89	0	235918	1329	165014	1272	0	0	4	4
1772486196	116	0	0	0	0	938776	3755084	0	4712960	6593	0	89	0	236625	1333	165289	1275	0	0	4	4
1772486198	118	0	0	0	0	938776	3755084	0	4712960	6593	0	89	0	237100	1339	165567	1278	0	0	4	4
1772486200	120	0	0	0	0	938776	3755084	0	4712960	6593	0	89	0	238152	1355	166511	1291	0	0	4	4
1772486202	122	0	0	0	0	938776	3755084	0	4712960	6593	0	89	0	239524	1369	167932	1304	0	0	4	4
1772486204	124	0	0	0	0	938776	3755084	0	4712960	6593	0	89	0	240523	1381	168773	1313	0	0	4	4
1772486206	126	0	0	0	0	938785	3755084	0	4712960	6593	0	89	0	255492	1452	189166	1384	0	0	4	4
1772486208	128	0	0	0	0	938785	3755084	0	4712960	6593	0	89	0	257225	1476	191011	1411	0	0	4	4
1772486210	130	0	0	0	0	938785	3755084	0	4712960	6593	0	89	0	273856	1524	195536	1435	0	0	4	4
1772486212	132	0	0	0	0	938785	3755084	0	4712960	6593	0	89	0	279942	1585	202550	1518	0	0	4	4
1772486214	134	0	0	0	0	938785	3755084	0	4712960	6593	0	89	0	317457	1689	222074	1613	0	0	4	4
1772486216	136	0	0	0	0	938785	3755084	0	4712960	6593	0	89	0	320710	1701	222703	1619	0	0	4	4
1772486218	138	0	0	0	0	938785	3755084	0	4712960	6593	0	89	0	322085	1711	223061	1625	0	0	4	4
1772486220	140	0	0	0	0	938785	3755084	0	4712960	6593	0	89	0	322685	1721	223728	1635	0	0	4	4
1772486222	142	0	0	0	0	938785	3755084	0	4712960	6593	0	89	0	323175	1729	224059	1641	0	0	4	4
1772486224	144	0	0	0	0	938785	3755084	0	4712960	6593	0	89	0	324256	1742	225010	1651	0	0	4	4
1772486226	146	0	0	0	0	938785	3755084	0	4712960	6593	0	89	0	324930	1753	225592	1660	0	0	4	4
1772486228	148	0	0	0	0	938785	3755084	0	4712960	6593	0	89	0	325780	1766	226350	1671	0	0	4	4
1772486230	150	0	0	0	0	938785	3755084	0	4712960	6593	0	89	0	326568	1779	227070	1682	0	0	4	4
1772486232	152	0	0	0	0	938785	3755084	0	4712960	6593	0	89	0	327168	1789	227668	1691	0	0	4	4
1772486234	154	0	0	0	0	938785	3755084	0	4712960	6593	0	89	0	328245	1802	228587	1701	0	0	4	4
1772486236	156	0	0	0	0	938785	3755084	0	4712960	6593	0	89	0	328497	1806	228719	1703	0	0	4	4
1772486238	158	0	0	0	0	938785	3755084	0	4712960	6593	0	89	0	329480	1821	229497	1716	0	0	4	4
1772486240	160	0	0	0	0	938785	3755084	0	4712960	6593	0	89	0	330154	1832	230079	1725	0	0	4	4
1772486242	162	0	0	0	0	938785	3755084	0	4712960	6593	0	89	0	331294	1849	230943	1737	0	0	4	4
1772486244	164	0	0	0	0	938785	3755084	0	4712960	6593	0	89	0	332227	1860	231772	1746	0	0	4	4
1772486246	166	0	0	0	0	938785	3755084	0	4712960	6593	0	89	0	332347	1862	231772	1746	0	0	4	4
1772486248	168	0	0	0	0	938785	3755084	0	4712960	6593	0	89	0	333009	1873	232380	1756	0	0	4	4
1772486250	170	0	0	0	0	938785	3755084	0	4712960	6593	0	89	0	333741	1885	232926	1765	0	0	4	4
1772486252	172	0	0	0	0	938785	3755084	0	4712960	6593	0	89	0	334341	1895	233535	1774	0	0	4	4
1772486254	174	0	0	0	0	938785	3755084	0	4712960	6593	0	89	0	335169	1905	234216	1781	0	0	4	4
1772486256	176	0	0	0	0	938785	3755084	0	4712960	6593	0	89	0	335394	1908	234282	1782	0	0	4	4
1772486258	178	0	0	0	0	938785	3755084	0	4712960	6593	0	89	0	338029	1937	237262	1809	0	0	4	4
1772486260	180	0	0	0	0	938785	3755084	0	4712960	6593	0	89	0	339647	1960	238312	1825	0	0	4	4
