Time	wtime	gpufbmem	gpumempct	gpusmpct	ngpus	pss	rss	swap	vmem	rchar	read_bytes	wchar	write_bytes	rx_bytes	rx_packets	tx_bytes	tx_packets	stime	utime	nprocs	nthreads
1772485428	0	0	0	0	0	1206	4004	0	14564	6593	0	54	0	66	1	0	0	0	0	1	2
1772485430	2	0	0	0	0	1206	4004	0	14564	6593	0	54	0	7055	46	6367	41	0	3	1	2
1772485432	4	0	0	0	0	1211	4004	0	14564	6593	0	54	0	14224	107	14662	125	0	7	1	2
1772485434	6	0	0	0	0	1211	4004	0	14564	6593	0	54	0	42992	191	28213	195	0	11	1	2
1772485436	8	0	0	0	0	1211	4004	0	14564	6593	0	54	0	44734	208	28821	205	0	15	1	2
1772485438	10	0	0	0	0	1211	4004	0	14564	6593	0	54	0	45014	213	28981	208	0	19	1	2
1772485440	12	0	0	0	0	1211	4004	0	14564	6593	0	54	0	45417	218	29245	212	0	23	1	2
1772485442	14	0	0	0	0	1211	4004	0	14564	6593	0	54	0	47035	238	30725	232	0	27	1	2
1772485444	16	0	0	0	0	1216	4004	0	14564	6593	0	54	0	48220	253	31433	240	0	31	1	2
1772485446	18	0	0	0	0	1216	4004	0	14564	6593	0	54	0	48340	255	31433	240	0	35	1	2
1772485448	20	0	0	0	0	1216	4004	0	14564	6593	0	54	0	48940	265	31913	248	0	38	1	2
1772485450	22	0	0	0	0	1216	4004	0	14564	6593	0	54	0	49860	280	32765	261	0	43	1	2
1772485452	24	0	0	0	0	1216	4004	0	14564	6593	0	54	0	50664	294	33245	269	0	46	1	2
1772485454	26	0	0	0	0	1216	4004	0	14564	6593	0	54	0	52240	317	34401	285	0	51	1	2
1772485456	28	0	0	0	0	1216	4004	0	14564	6593	0	54	0	54225	338	36611	310	0	54	1	2
1772485458	30	0	0	0	0	1216	4004	0	14564	6593	0	54	0	59767	354	39520	326	0	59	1	2
1772485460	32	0	0	0	0	1216	4004	0	14564	6593	0	54	0	66321	368	40383	335	0	63	1	2
1772485462	34	0	0	0	0	1216	4004	0	14564	6593	0	54	0	67461	385	41247	347	0	67	1	2
1772485464	36	0	0	0	0	1216	4004	0	14564	6593	0	54	0	68363	396	41859	353	0	71	1	2
1772485466	38	0	0	0	0	1211	4004	0	14564	6593	0	54	0	70160	407	44328	364	0	75	1	2
1772485468	40	0	0	0	0	1211	4004	0	14564	6593	0	54	0	71046	420	45120	376	0	79	1	2
1772485470	42	0	0	0	0	1216	4004	0	14564	6593	0	54	0	72099	436	45775	384	0	83	1	2
1772485472	44	0	0	0	0	1216	4004	0	14564	6593	0	54	0	72219	438	45775	384	0	87	1	2
1772485474	46	0	0	0	0	1216	4004	0	14564	6593	0	54	0	73725	459	46963	400	0	91	1	2
1772485476	48	0	0	0	0	1216	4004	0	14564	6593	0	54	0	74325	469	47443	408	0	95	1	2
1772485478	50	0	0	0	0	1211	4004	0	14564	6593	0	54	0	76921	491	50716	430	0	99	1	2
1772485480	52	0	0	0	0	1211	4004	0	14564	6593	0	54	0	78148	506	51693	442	0	103	1	2
1772485482	54	0	0	0	0	1211	4004	0	14564	6593	0	54	0	78485	510	52089	446	0	107	1	2
1772485484	56	0	0	0	0	1211	4004	0	14564	6593	0	54	0	81267	539	54113	470	0	111	1	2
1772485486	58	0	0	0	0	1211	4004	0	14564	6593	0	54	0	85651	570	59891	522	0	115	1	2
1772485488	60	0	0	0	0	1211	4004	0	14564	6593	0	54	0	104872	642	72785	617	0	119	1	2
1772485490	62	0	0	0	0	1211	4004	0	14564	6593	0	54	0	122917	709	81338	678	0	123	1	2
1772485492	64	0	0	0	0	1209	4004	0	14564	6593	0	54	0	135457	789	92299	774	0	127	1	2
1772485494	66	0	0	0	0	1211	4004	0	14564	6593	0	54	0	163866	877	107852	852	0	131	1	2
1772485496	68	0	0	0	0	1211	4004	0	14564	6593	0	54	0	171510	901	110225	871	0	135	1	2
1772485498	70	0	0	0	0	1211	4004	0	14564	6593	0	54	0	171790	906	110385	874	0	139	1	2
1772485500	72	0	0	0	0	1211	4004	0	14564	6593	0	54	0	171910	908	110385	874	0	143	1	2
1772485502	74	0	0	0	0	1211	4004	0	14564	6593	0	54	0	173124	927	111394	891	0	147	1	2
1772485504	76	0	0	0	0	1211	4004	0	14564	6593	0	54	0	183447	973	116121	932	0	151	1	2
1772485506	78	0	0	0	0	1211	4004	0	14564	6593	0	54	0	184381	976	116187	933	0	155	1	2
1772485508	80	0	0	0	0	1211	4004	0	14564	6593	0	54	0	184501	978	116187	933	0	159	1	2
1772485510	82	0	0	0	0	1211	4004	0	14564	6593	0	54	0	185289	991	116907	944	0	163	1	2
1772485512	84	0	0	0	0	1211	4004	0	14564	6593	0	54	0	185541	995	117039	946	0	167	1	2
1772485514	86	0	0	0	0	1211	4004	0	14564	6593	0	54	0	192409	1028	126697	980	0	171	1	2
1772485516	88	0	0	0	0	1211	4004	0	14564	6593	0	54	0	193083	1039	127279	989	0	175	1	2
1772485518	90	0	0	0	0	1211	4004	0	14564	6593	0	54	0	193831	1051	127963	999	0	179	1	2
1772485520	92	0	0	0	0	1211	4004	0	14564	6593	0	54	0	194621	1064	128709	1010	0	183	1	2
1772485522	94	0	0	0	0	1211	4004	0	14564	6593	0	54	0	200902	1124	136009	1068	0	187	1	2
1772485524	96	0	0	0	0	1211	4004	0	14564	6593	0	54	0	209454	1167	140303	1103	0	191	1	2
1772485526	98	0	0	0	0	1211	4004	0	14564	6593	0	54	0	210504	1185	141230	1115	0	195	1	2
1772485528	100	0	0	0	0	1211	4004	0	14564	6593	0	54	0	210862	1191	141523	1118	0	199	1	2
1772485530	102	0	0	0	0	1211	4004	0	14564	6593	0	54	0	211087	1194	141776	1121	0	203	1	2
1772485532	104	0	0	0	0	1211	4004	0	14564	6593	0	54	0	211819	1206	142388	1131	0	207	1	2
1772485534	106	0	0	0	0	1211	4004	0	14564	6593	0	54	0	212647	1216	142964	1137	0	211	1	2
1772485536	108	0	0	0	0	1211	4004	0	14564	6593	0	54	0	212767	1218	143093	1138	0	215	1	2
1772485538	110	0	0	0	0	1211	4004	0	14564	6593	0	54	0	213472	1229	143744	1148	0	219	1	2
1772485540	112	0	0	0	0	1211	4004	0	14564	6593	0	54	0	214552	1243	144747	1162	0	223	1	2
1772485542	114	0	0	0	0	1211	4004	0	14564	6593	0	54	0	215521	1253	145297	1169	0	227	1	2
1772485544	116	0	0	0	0	1211	4004	0	14564	6593	0	54	0	216737	1265	145939	1176	0	231	1	2
1772485546	118	0	0	0	0	1211	4004	0	14564	6593	0	54	0	219869	1294	149001	1207	0	235	1	2
1772485548	120	0	0	0	0	1211	4004	0	14564	6593	0	54	0	226452	1326	154039	1252	0	239	1	2
1772485550	122	0	0	0	0	1211	4004	0	14564	6593	0	54	0	235658	1366	159999	1293	0	243	1	2
1772485552	124	0	0	0	0	1211	4004	0	14564	6593	0	54	0	242063	1430	167453	1378	0	247	1	2
1772485554	126	0	0	0	0	1211	4004	0	14564	6593	0	54	0	272233	1528	181560	1458	0	251	1	2
1772485556	128	0	0	0	0	1211	4004	0	14564	6593	0	54	0	273771	1541	182106	1467	0	255	1	2
1772485558	130	0	0	0	0	1211	4004	0	14564	6593	0	54	0	274051	1546	182348	1471	0	259	1	2
1772485560	132	0	0	0	0	1211	4004	0	14564	6593	0	54	0	274171	1548	182348	1471	0	263	1	2
1772485562	134	0	0	0	0	1211	4004	0	14564	6593	0	54	0	275319	1566	183291	1487	0	267	1	2
1772485564	136	0	0	0	0	1211	4004	0	14564	6593	0	54	0	276923	1580	183867	1493	0	271	1	2
1772485566	138	0	0	0	0	1211	4004	0	14564	6593	0	54	0	277043	1582	183867	1493	0	275	1	2
1772485568	140	0	0	0	0	1211	4004	0	14564	6593	0	54	0	278039	1598	185001	1509	0	279	1	2
1772485570	142	0	0	0	0	1211	4004	0	14564	6593	0	54	0	278413	1604	185335	1513	0	283	1	2
1772485572	144	0	0	0	0	1211	4004	0	14564	6593	0	54	0	278759	1609	185829	1518	0	287	1	2
1772485574	146	0	0	0	0	1211	4004	0	14564	6593	0	54	0	280299	1631	187051	1535	0	291	1	2
1772485576	148	0	0	0	0	1211	4004	0	14564	6593	0	54	0	280419	1633	187051	1535	0	295	1	2
1772485578	150	0	0	0	0	1211	4004	0	14564	6593	0	54	0	280539	1635	187180	1536	0	299	1	2
1772485580	152	0	0	0	0	1211	4004	0	14564	6593	0	54	0	281139	1645	187660	1544	0	303	1	2
1772485582	154	0	0	0	0	1211	4004	0	14564	6593	0	54	0	281931	1656	188371	1552	0	307	1	2
1772485584	156	0	0	0	0	1211	4004	0	14564	6593	0	54	0	283880	1674	189207	1562	0	311	1	2
1772485586	158	0	0	0	0	1209	4004	0	14564	6593	0	54	0	286347	1700	195687	1592	0	315	1	2
1772485588	160	0	0	0	0	1209	4004	0	14564	6593	0	54	0	299151	1736	197523	1613	0	319	1	2
1772485590	162	0	0	0	0	1206	4004	0	14564	6593	0	54	0	302650	1752	200706	1629	0	323	1	2
1772485592	164	0	0	0	0	1206	4004	0	14564	6593	0	54	0	304784	1769	211747	1645	0	327	1	2
1772485594	166	0	0	0	0	1206	4004	0	14564	6593	0	54	0	306224	1789	212935	1661	0	331	1	2
1772485596	168	0	0	0	0	1211	4004	0	14564	6593	0	54	0	307510	1803	213874	1674	0	335	1	2
1772485598	170	0	0	0	0	1216	4004	0	14564	6593	0	54	0	307735	1806	213874	1674	0	339	1	2
1772485600	172	0	0	0	0	1216	4004	0	14564	6593	0	54	0	308109	1812	214180	1678	0	343	1	2
1772485602	174	0	0	0	0	1216	4004	0	14564	6593	0	54	0	308709	1822	214660	1686	0	347	1	2
1772485604	176	0	0	0	0	1216	4004	0	14564	6593	0	54	0	310662	1840	215500	1696	0	351	1	2
1772485606	178	0	0	0	0	1216	4004	0	14564	6593	0	54	0	324491	1903	235301	1762	0	355	1	2
1772485608	180	0	0	0	0	1216	4004	0	14564	6593	0	54	0	326160	1926	237151	1787	0	359	1	2
